Автокорреляции rxx:
7.22228
7.11143
6.80613
6.31658
5.65885
4.85425

(Матрица коэффициентов Юла-Уокера)Rxx:
7.222283	7.111431	6.806127	6.316583	5.658847	4.854249	
7.111431	7.222283	7.111431	6.806127	6.316583	5.658847	
6.806127	7.111431	7.222283	7.111431	6.806127	6.316583	
6.316583	6.806127	7.111431	7.222283	7.111431	6.806127	
5.658847	6.316583	6.806127	7.111431	7.222283	7.111431	
4.854249	5.658847	6.316583	6.806127	7.111431	7.222283	

Векор неизвестных
1.000000
-0.744665
-0.468079
-0.181037
0.106769
0.386204
